dict1 :
{'10^-5': 0.999264705882353, '10^-4': 0.999264705882353, '10^-3': 0.999264705882353, '10^-2': 0.999264705882353, '10^-1': 0.999264705882353, '1': 0.999264705882353, '10^1': 0.999264705882353, '10^2': 0.999264705882353, '10^3': 0.9990196078431373, '10^4': 0.9990196078431373, '10^5': 0.9990196078431373}
minDCF: 0.9990196078431373
minC: 10^5
dict2 :{'10^-5': 0.7654671717171716, '10^-4': 0.7654671717171716, '10^-3': 0.7458964646464646, '10^-2': 0.7327967171717171, '10^-1': 0.7069917929292929, '1': 0.7069917929292929, '10^1': 0.7069917929292929, '10^2': 0.7068339646464646, '10^3': 0.7068339646464646, '10^4': 0.7068339646464646, '10^5': 0.7068339646464646}
minDCF: 0.7068339646464646
minC: 10^2
dict3 :{'10^-5': 0.9486238907897901, '10^-4': 0.9486238907897901, '10^-3': 0.9486238907897901, '10^-2': 0.9486238907897901, '10^-1': 0.9463511635170627, '1': 0.9463511635170627, '10^1': 0.9463511635170627, '10^2': 0.9463511635170627, '10^3': 0.9463511635170627, '10^4': 0.9463511635170627, '10^5': 0.9279328286414416}
minDCF: 0.9463511635170627
minC: 10^5