dict1 :
{'10^-5': 0.9885902360702193, '10^-4': 0.9885902360702193, '10^-3': 0.9878458191967703, '10^-2': 0.9878458191967703, '10^-1': 0.9878458191967703, '1': 0.9878458191967703, '10^1': 0.9878458191967703, '10^2': 0.9878458191967703, '10^3': 0.9878458191967703, '10^4': 0.9878458191967703, '10^5': 0.9878458191967703}
minDCF: 0.9878458191967703
minC: 10^5
dict2 :{'10^-5': 0.7581597222222223, '10^-4': 0.7544507575757576, '10^-3': 0.7320391414141414, '10^-2': 0.7293718434343435, '10^-1': 0.7212752525252526, '1': 0.7212752525252526, '10^1': 0.7212752525252526, '10^2': 0.7212752525252526, '10^3': 0.7212752525252526, '10^4': 0.7212752525252526, '10^5': 0.7212752525252526}
minDCF: 0.7320391414141414
minC: 10^-1
dict3 :{'10^-5': 0.9837539325937931, '10^-4': 0.9837539325937931, '10^-3': 0.9833277962301568, '10^-2': 0.9833277962301568, '10^-1': 0.9833277962301568, '1': 0.9833277962301568, '10^1': 0.9833277962301568, '10^2': 0.9833277962301568, '10^3': 0.9829016598665203, '10^4': 0.9829016598665203, '10^5': 0.9776281717805322}
minDCF: 0.9833277962301568
minC: 10^5