Original DatasetTraining

Covariance :

			        1   0.161049  -0.278843  -0.398781   -0.207353    0.428207  0.0506993  -0.111407  -0.194722  -0.117609
			 0.161049          1  -0.420989   0.711543    0.614463   0.0746329   0.873908  -0.472231   0.721281    0.49449
			-0.278843  -0.420989          1   -0.40686   -0.251342   -0.130894  -0.471787   0.605824  -0.431579  -0.249241
			-0.398781   0.711543   -0.40686          1    0.686513    -0.16011   0.731593  -0.456038   0.797275   0.527336
			-0.207353   0.614463  -0.251342   0.686513           1  -0.0867144   0.502021  -0.262414   0.516576   0.512963
			 0.428207  0.0746329  -0.130894   -0.16011  -0.0867144           1   0.174719  -0.274865  -0.381615  -0.220754
			0.0506993   0.873908  -0.471787   0.731593    0.502021    0.174719          1  -0.430801   0.718392    0.61594
			-0.111407  -0.472231   0.605824  -0.456038   -0.262414   -0.274865  -0.430801          1  -0.424287  -0.258545
			-0.194722   0.721281  -0.431579   0.797275    0.516576   -0.381615   0.718392  -0.424287          1   0.708854
			-0.117609    0.49449  -0.249241   0.527336    0.512963   -0.220754    0.61594  -0.258545   0.708854          1



			 44.9728   10.3553  -12.5815  -14.8912   -4.6262    18.796   3.26998  -4.93336  -7.35693  -2.68172
			 10.3553   91.9301  -27.1578   37.9884   19.6003   4.68378   80.5867  -29.8976   38.9618   16.1207
			-12.5815  -27.1578   45.2679  -15.2427    -5.626  -5.76439  -30.5288    26.915  -16.3592   -5.7018
			-14.8912   37.9884  -15.2427   31.0057   12.7177   -5.8355   39.1795  -16.7678   25.0112   9.98403
			 -4.6262   19.6003    -5.626   12.7177   11.0682  -1.88828   16.0631  -5.76474   9.68233    5.8026
			  18.796   4.68378  -5.76439   -5.8355  -1.88828   42.8425   10.9988  -11.8798  -14.0724  -4.91297
			 3.26998   80.5867  -30.5288   39.1795   16.0631   10.9988    92.499  -27.3589   38.9257   20.1421
			-4.93336  -29.8976    26.915  -16.7678  -5.76474  -11.8798  -27.3589   43.6021  -15.7841  -5.80479
			-7.35693   38.9618  -16.3592   25.0112   9.68233  -14.0724   38.9257  -15.7841   31.7404   13.5788
			-2.68172   16.1207   -5.7018   9.98403    5.8026  -4.91297   20.1421  -5.80479   13.5788    11.561


In the Training Dataset there are :
	-1500 samples of class 0
	-2000 samples of class 1
In the Testing Dataset there are :
	-2500 samples of class 0
	-5000 samples of class 1


Prior probability for class 0 is :  0.9
Prior probability for class 1 is :  0.1
The min of the normalized DFC for MVG classifier: 0.287
The min of the normalized DFC for MVG classifier with K-fold algo (4 fold): 0.254

Prior probability for class 0 is :  0.5
Prior probability for class 1 is :  0.5
The min of the normalized DFC for MVG classifier : 0.091
The min of the normalized DFC for MVG classifier with K-fold algo (4 fold): 0.073

Prior probability for class 0 is :  0.1
Prior probability for class 1 is :  0.9
The min of the normalized DFC for MVG classifier : 0.186
The min of the normalized DFC for MVG classifier with K-fold algo (4 fold): 0.143

