minDCF: 0.14483333333333331
actDCF: 0.14483333333333331
