minDCF: 0.13633333333333333
actDCF: 0.13633333333333333
