minDCF: 0.08766666666666667
actDCF: 0.08766666666666667
