minDCF: 0.13133333333333333
actDCF: 0.13133333333333333
